19 18
00 00 00 00 00 20 10 01 00 00 00 00 00 00 00 00 00 00 
00 00 00 00 00 20 10 20 00 01 10 00 00 00 00 00 00 00 
00 00 00 00 30 30 20 01 01 10 30 20 10 00 00 00 00 00 
00 00 00 30 01 10 20 20 20 01 10 01 30 10 00 00 00 00 
00 00 00 00 30 10 20 10 10 10 10 01 01 10 20 00 20 00 
00 00 00 20 00 20 10 01 20 10 10 20 10 30 10 30 30 10 
00 00 00 10 30 20 20 30 20 01 30 10 10 20 10 30 20 20 
00 00 20 10 01 20 10 30 01 20 20 20 10 10 10 20 10 10 
00 01 30 30 01 30 10 20 20 20 30 01 20 20 10 20 20 10 
00 20 20 20 10 20 20 10 10 30 10 01 10 10 10 20 10 30 
00 00 20 10 10 10 10 30 01 01 30 20 01 10 20 10 10 30 
00 10 10 01 20 10 30 01 20 20 30 20 01 10 10 10 30 10 
00 20 30 10 10 30 10 01 30 30 20 30 10 20 20 20 20 10 
00 00 20 20 20 20 30 01 30 10 01 01 10 10 10 20 00 00 
00 00 10 30 01 10 01 30 10 10 01 01 20 20 10 20 00 00 
00 00 00 01 01 30 10 20 20 20 10 10 10 10 10 20 00 00 
00 00 00 10 10 00 01 30 20 30 20 10 01 20 20 00 00 00 
00 00 00 00 00 00 00 20 10 10 20 00 00 20 30 00 00 00 
00 00 00 00 00 00 00 00 00 20 00 00 00 00 00 00 00 00 
marcel 1 1
